PDB_ID,Ala,Cys,Glu,Asp,Gly,Phe,Ile,His,Lys,Met,Leu,Asn,Gln,Pro,Ser,Arg,Thr,Trp,Val,Tyr
1WY9,4.082,0.0,10.204,6.122,6.803,4.082,4.762,1.361,11.565,5.442,12.925,3.401,3.401,4.762,8.163,6.122,2.041,0.0,2.041,2.721
1MH1,6.989,3.226,4.839,6.452,6.452,2.688,5.376,1.075,8.065,1.075,9.677,3.226,2.688,8.065,4.839,3.763,6.989,1.075,9.14,4.301
1E0S,4.598,1.149,4.598,7.471,8.046,2.874,8.046,1.724,7.471,2.299,9.77,4.598,4.023,2.874,3.448,6.897,7.471,2.299,6.322,4.023
3CON,5.263,1.579,6.842,7.368,6.842,3.684,5.789,4.211,6.316,3.158,7.368,3.684,5.263,2.105,5.263,5.789,6.316,0.0,7.895,5.263
1W24,4.945,1.648,4.945,6.044,7.143,4.396,8.242,4.945,7.143,1.648,10.989,4.396,4.396,4.396,3.846,2.198,4.945,0.549,8.791,4.396
2FAU,3.226,0.587,9.971,4.692,6.452,5.572,7.331,3.812,8.211,2.933,8.798,3.519,4.106,4.106,4.692,5.572,4.692,0.293,7.038,4.399
3OV6,4.282,2.015,6.297,5.038,10.327,5.038,3.526,4.282,3.778,1.008,9.572,2.771,6.549,4.534,10.076,3.778,4.03,3.023,6.297,3.778
3T8O,9.392,1.657,6.814,6.814,7.919,6.63,3.315,2.578,6.446,2.026,10.866,2.026,4.972,4.788,4.052,6.262,3.867,1.289,5.157,3.131
1KMQ,7.065,2.717,8.696,8.152,6.522,3.261,5.435,1.087,7.609,3.261,7.609,3.804,2.174,6.522,3.804,5.435,4.348,1.087,8.696,2.717
2R51,3.235,0.294,9.706,5.0,6.176,4.118,7.647,5.0,7.941,2.353,7.941,4.118,3.529,2.647,6.471,6.471,5.0,0.294,7.059,5.0
1PO5,4.622,0.84,5.672,5.042,6.933,7.983,5.672,3.361,4.832,1.681,11.134,3.151,3.361,6.303,7.143,7.563,5.672,0.21,6.303,2.521
1LOX,6.193,2.266,6.647,4.683,6.798,4.532,4.381,2.115,4.985,2.417,12.991,2.87,5.589,5.74,5.891,5.438,4.079,2.719,6.949,2.719
1DL2,4.305,0.978,6.849,6.458,7.045,5.088,4.501,3.327,5.088,2.935,11.35,4.11,2.74,3.327,8.806,4.305,6.458,2.348,4.501,5.479
4GQ1,4.835,2.799,3.562,4.835,7.634,2.799,7.379,3.053,1.781,1.527,12.214,7.379,4.326,5.089,10.941,3.053,7.379,2.036,4.58,2.799
3EMN,6.78,0.678,5.085,4.746,11.525,4.746,3.39,3.051,8.475,1.017,9.492,6.78,2.712,2.034,7.119,2.712,9.831,1.356,4.746,3.729
4AIW,8.442,1.299,7.143,1.948,8.442,5.195,1.299,3.247,9.74,1.948,5.195,7.143,5.195,4.545,9.091,3.896,3.896,1.948,6.494,3.896
1XTQ,5.085,0.0,7.91,4.52,5.65,3.955,9.605,5.085,7.345,2.26,7.91,3.39,5.085,2.26,8.475,2.825,5.085,0.565,8.475,4.52
3S6C,5.102,2.041,6.378,5.867,8.163,5.102,4.592,3.571,5.102,1.786,9.949,3.571,5.867,4.592,9.184,4.847,3.316,3.061,4.592,3.316
3ZX7,4.854,0.647,7.443,4.854,8.414,2.589,7.767,4.207,6.472,1.942,4.207,2.913,3.236,2.913,8.414,4.531,8.738,1.942,8.414,5.502
2BZ7,9.804,0.98,8.824,5.882,7.843,5.882,2.941,1.961,7.843,1.961,4.902,3.922,0.0,6.863,7.843,0.0,9.804,0.0,9.804,2.941
3PFQ,4.748,2.671,7.715,6.38,7.418,6.677,4.896,2.967,8.605,2.967,6.677,3.561,3.709,5.786,5.786,4.896,4.303,1.335,6.231,2.671
3BVU,5.167,1.053,5.072,6.124,6.029,4.306,3.923,4.785,4.976,2.679,9.665,3.732,5.455,6.029,7.273,5.646,5.455,2.01,6.986,3.636
3IAR,8.447,1.362,8.447,5.722,6.54,2.997,4.632,2.997,6.54,2.452,10.082,3.815,4.087,5.722,4.632,4.632,4.36,1.09,6.812,4.632
3U74,2.473,10.601,8.127,4.594,9.187,1.767,2.473,3.887,3.534,2.12,8.481,5.3,4.594,3.18,8.481,6.714,7.067,0.707,4.24,2.473
2D7I,6.316,2.281,5.789,6.491,7.018,4.035,4.737,4.035,5.789,2.632,7.193,4.035,2.807,6.491,6.316,7.544,4.211,2.807,5.789,3.684
1OCS,1.852,1.235,9.877,1.852,6.173,6.79,6.173,4.321,8.025,3.704,8.025,4.938,1.852,6.173,9.877,6.79,3.086,0.617,6.173,2.469
1MCX,9.249,1.445,7.803,7.803,5.78,2.312,6.647,1.734,9.827,2.312,10.694,3.179,3.468,2.312,5.202,5.202,6.647,0.289,4.624,3.468
3KS3,5.0,0.385,5.0,7.308,8.462,4.615,3.462,4.615,9.231,0.769,10.0,3.846,4.231,6.538,6.923,2.692,4.615,2.692,6.538,3.077
1OKC,11.111,1.347,2.02,5.051,10.101,7.071,6.397,1.01,7.744,2.357,7.407,2.694,4.714,2.694,4.714,5.724,4.04,1.684,8.081,4.04
1EI9,6.093,2.151,6.093,5.018,7.527,5.018,6.452,2.867,6.093,2.867,10.036,4.659,6.093,5.735,5.735,3.943,2.867,1.434,6.452,2.867
2YXF,2.0,2.0,8.0,7.0,3.0,5.0,5.0,4.0,8.0,2.0,7.0,5.0,3.0,5.0,9.0,5.0,5.0,2.0,7.0,6.0
2ZAN,8.333,0.901,8.108,6.306,6.532,3.378,5.18,1.351,9.459,1.802,9.459,3.829,4.73,5.18,7.207,4.73,4.279,1.351,5.856,2.027
3O22,8.025,1.852,4.938,4.321,6.79,5.556,0.617,0.617,6.173,2.469,9.259,2.469,6.79,4.321,11.111,4.938,9.259,1.852,4.321,4.321
2R5G,6.073,2.024,8.907,6.883,4.049,6.478,4.453,1.215,9.717,1.215,10.931,5.263,2.429,7.287,4.858,4.049,5.263,0.81,4.453,3.644
1LW3,6.545,1.37,8.067,4.11,4.566,3.957,4.871,3.653,5.023,2.131,9.132,4.871,3.044,5.175,10.198,6.697,4.566,1.674,6.545,3.805
1U7L,7.908,0.255,7.143,5.357,3.316,5.357,7.143,1.786,8.673,1.02,10.204,6.122,3.316,4.082,8.163,3.061,5.612,0.765,7.143,3.571
3LVR,8.652,2.213,5.835,6.036,7.243,2.414,4.427,4.024,4.628,1.811,12.475,4.829,4.024,4.829,7.042,5.03,5.634,1.408,5.03,2.414
1T3Y,9.929,1.418,7.801,7.801,7.092,6.383,5.674,0.709,9.22,0.709,4.965,2.837,4.965,0.709,4.965,4.965,7.801,1.418,7.801,2.837
2FYO,8.116,1.378,4.594,6.432,5.36,5.972,3.522,4.441,5.36,2.144,10.413,4.135,4.288,5.207,7.963,4.9,5.972,0.919,5.513,3.369
3PM0,9.073,1.578,4.536,5.128,6.114,6.706,3.156,3.55,3.748,2.761,9.665,4.339,4.339,5.917,7.101,7.495,3.945,1.183,7.89,1.775
3OES,3.98,0.995,8.955,2.488,8.458,3.98,4.478,6.965,4.975,1.99,8.458,2.488,4.975,2.488,7.96,4.975,4.975,0.498,10.448,5.473
4KSB,9.112,0.701,5.763,4.283,7.944,5.218,8.1,1.869,6.62,2.648,9.112,3.894,4.673,2.414,6.931,4.517,5.296,0.857,7.243,2.804
3S79,4.374,1.789,7.555,4.175,5.765,5.169,8.748,2.584,6.561,5.169,10.736,4.374,2.187,4.573,5.368,5.169,4.771,1.193,6.362,3.38
4EJN,5.83,1.345,9.865,5.381,6.726,5.605,4.036,2.691,8.072,3.139,9.193,2.915,3.363,4.036,4.036,6.278,6.054,1.57,6.054,3.812
3P7L,6.033,1.227,8.691,5.215,4.601,5.419,5.828,3.374,7.464,2.454,11.145,4.908,4.294,5.624,5.01,4.294,4.09,0.92,4.908,4.499
3W5H,4.779,1.471,6.618,6.618,6.618,4.412,6.985,3.309,6.618,2.941,9.191,2.941,2.574,9.559,4.412,5.882,4.412,0.735,6.618,3.309
2HCZ,7.755,3.673,3.673,5.306,10.204,2.857,6.122,1.224,8.98,2.449,4.898,6.122,1.633,8.571,4.49,3.673,4.082,2.449,6.939,4.898
3TTJ,5.819,2.371,5.819,6.25,4.526,3.233,5.603,2.586,7.328,3.664,9.052,4.31,4.526,5.603,7.974,3.879,4.095,0.862,7.759,4.741
3EHI,5.431,1.597,6.07,6.709,7.987,4.473,6.07,2.875,5.112,2.556,10.543,2.556,4.792,7.348,4.792,7.348,4.153,1.597,4.473,3.514
1R1H,7.184,1.724,7.615,5.603,5.891,4.023,6.466,1.293,7.04,2.011,8.477,8.046,4.454,3.161,6.178,4.454,4.454,2.011,5.316,4.598
2IF4,9.172,1.183,11.834,5.917,7.101,3.254,4.142,2.959,10.947,3.55,7.101,2.663,5.03,3.254,5.621,4.142,2.663,0.888,5.03,3.55
4IGH,7.796,0.0,6.183,5.376,11.022,2.957,3.226,3.763,4.839,1.075,12.366,2.419,4.301,5.108,5.108,8.333,4.839,0.269,9.14,1.882
1R9O,3.983,2.306,6.709,4.193,5.87,6.709,7.338,3.354,7.757,2.935,10.273,5.451,2.725,6.499,6.08,4.193,5.241,0.419,5.451,2.516
1HO8,4.792,1.458,6.667,6.458,3.542,3.542,8.333,2.292,8.542,1.042,14.583,6.042,5.208,1.875,8.125,3.125,4.375,1.042,6.667,2.292
4FL3,7.087,1.417,7.559,4.252,7.874,3.307,4.094,2.992,7.717,2.992,9.449,4.724,4.409,5.197,5.984,4.882,3.622,1.732,5.669,5.039
3BCY,3.871,1.29,11.613,8.387,3.871,6.452,3.871,9.677,9.677,1.29,5.161,2.581,3.226,3.871,3.871,1.935,7.097,0.645,8.387,3.226
1OGQ,4.792,2.556,0.958,5.112,7.668,4.153,5.751,1.278,4.792,0.639,15.974,9.585,3.514,7.029,8.626,2.875,7.348,0.639,3.514,3.195
1RE8,6.571,0.571,7.429,5.429,6.286,7.143,6.0,2.286,10.0,1.714,9.143,4.571,4.286,3.714,4.857,4.286,4.286,1.714,5.714,4.0
3KHM,6.897,2.155,7.328,4.741,5.819,4.957,5.172,4.31,6.681,3.879,9.698,3.233,3.448,6.466,4.526,6.25,4.095,1.078,7.112,2.155
4F7Z,6.807,1.802,7.508,5.706,5.005,4.204,5.105,3.103,6.106,2.903,10.31,4.304,4.705,4.104,5.506,6.106,5.606,1.001,7.207,2.903
1A6Q,5.497,2.88,8.377,7.33,8.377,3.141,4.712,3.403,6.021,2.88,7.33,5.236,3.141,4.45,7.33,4.974,3.403,1.047,8.115,2.356
1TQ4,4.358,0.969,7.748,6.538,4.358,6.78,8.232,0.969,8.232,2.663,9.443,6.053,2.663,4.358,6.78,4.358,5.811,0.726,5.569,3.39
1EWF,5.702,0.658,4.167,3.509,5.702,5.482,5.702,3.07,7.675,3.289,10.307,4.825,4.605,7.018,9.43,2.632,4.605,0.439,8.114,3.07
2YB6,5.263,0.658,7.895,5.263,3.947,4.605,5.263,0.658,3.947,2.632,6.579,7.237,5.263,9.211,10.526,5.921,3.947,1.974,5.921,3.289
1TQN,3.704,1.44,6.173,5.144,5.35,6.584,5.967,2.469,7.819,3.704,10.494,3.704,3.086,6.996,6.173,4.527,5.35,0.617,7.613,3.086
1ST6,12.722,0.935,8.606,5.706,5.051,1.403,5.332,1.31,7.016,3.648,8.793,3.648,5.426,5.051,4.958,6.455,5.987,0.842,6.361,0.748
2YD0,5.686,1.003,7.135,4.905,5.24,5.24,5.24,3.01,6.689,2.899,10.368,3.79,4.236,4.013,8.138,3.79,6.466,2.341,6.466,3.344
1XA6,5.365,2.361,7.94,5.15,4.936,3.433,6.867,4.292,6.223,2.361,9.442,4.721,3.004,4.506,5.365,6.867,5.794,0.644,5.794,4.936
1R2D,9.174,0.459,10.092,4.587,6.881,5.046,2.752,4.587,2.294,2.294,6.881,5.505,4.587,3.211,9.633,5.505,4.128,2.752,6.881,2.752
1BU8,3.982,3.097,5.973,5.752,9.071,5.31,5.531,2.434,5.973,1.77,7.301,5.752,4.204,5.088,6.416,4.204,4.867,1.549,7.301,4.425
2C5G,4.469,1.49,6.331,4.842,8.194,6.331,3.911,2.607,4.655,2.793,9.125,6.518,2.98,5.959,8.007,4.469,4.097,2.607,7.449,3.166
4EKZ,8.714,1.245,10.166,6.846,6.639,7.054,4.772,3.527,9.336,0.83,8.299,3.112,2.697,4.357,5.394,2.697,4.772,1.037,6.017,2.49
3F3Q,14.679,1.835,5.505,6.422,3.67,5.505,4.587,5.505,9.174,3.67,5.505,3.67,5.505,4.587,3.67,0.0,3.67,0.917,9.174,2.752
1LF7,11.538,1.099,4.945,4.396,7.692,6.044,2.198,2.747,2.747,0.549,9.341,0.549,9.341,4.396,5.495,8.242,4.945,1.099,9.341,3.297
1UWY,4.225,1.643,4.93,4.93,6.103,4.695,5.634,3.521,6.338,2.113,9.624,7.746,3.756,6.808,6.338,3.521,4.225,1.174,6.808,5.869
2F9L,8.543,0.0,7.035,7.035,5.025,3.518,7.538,2.01,5.528,1.005,8.04,6.03,2.513,2.01,7.538,7.035,6.533,1.005,8.04,4.02
2IQY,5.263,1.053,5.263,8.421,8.421,2.632,2.105,3.158,6.842,1.579,9.474,3.684,4.211,7.895,7.895,3.684,4.211,2.632,8.421,3.158
4G7L,8.614,0.0,10.861,2.622,4.12,4.494,2.996,3.745,5.618,2.996,10.112,2.622,6.742,5.993,7.116,5.618,7.116,0.749,4.12,3.745
1CZA,5.78,2.181,6.652,6.87,8.397,4.253,5.78,2.29,6.434,3.708,9.924,3.708,2.944,2.29,5.344,6.325,6.543,0.436,7.743,2.399
4FKE,6.931,0.66,5.831,5.391,4.62,4.51,4.73,2.86,4.18,2.64,10.231,6.931,5.391,4.62,7.591,3.41,6.381,2.75,6.381,3.96
2H8H,8.224,1.682,7.85,3.925,8.037,3.925,2.991,1.682,5.794,1.869,9.159,3.364,4.299,5.981,6.916,5.981,6.729,1.682,5.607,4.299
2VTG,4.667,0.667,11.333,4.667,7.333,4.667,3.333,0.667,10.0,7.333,10.667,4.667,2.0,5.333,7.333,6.0,2.667,0.0,4.667,2.0
1AK2,9.013,1.288,7.296,6.009,6.438,3.004,5.15,2.146,8.584,3.004,10.3,2.575,2.146,8.155,6.867,5.579,5.15,0.0,5.579,1.717
1CK7,6.498,2.694,4.913,8.558,9.984,7.448,3.962,1.426,7.132,1.585,6.181,3.803,3.011,6.815,4.437,3.803,6.498,2.377,4.12,4.754
1QQE,10.274,2.397,8.219,8.219,5.822,5.137,5.137,1.027,9.247,1.027,10.274,5.137,5.137,1.027,8.562,3.425,2.055,1.027,3.082,3.767
2HI4,5.657,1.212,5.051,4.646,5.859,6.061,5.051,3.434,5.253,2.02,11.111,3.636,4.646,6.869,7.273,6.667,5.657,1.616,6.263,2.02
1P49,6.406,2.491,3.915,4.982,8.007,6.406,4.804,3.915,3.915,1.957,11.744,4.448,3.737,6.05,6.762,4.982,6.05,1.779,4.804,2.847
1G4R,5.852,1.781,8.142,6.87,5.089,4.071,3.817,2.545,8.142,1.018,10.178,4.071,2.036,7.379,4.071,5.598,6.616,0.0,9.415,3.308
1KAO,4.79,0.599,10.18,5.389,6.587,4.79,6.587,0.0,6.587,3.593,6.587,2.395,4.79,2.994,8.383,5.389,4.79,0.599,10.778,4.192
1F5N,5.743,1.52,9.628,5.236,4.392,3.885,4.73,1.858,9.122,3.041,11.149,3.378,7.601,3.378,7.095,4.561,4.899,0.676,5.405,2.703
3JRP,7.124,1.319,7.652,5.805,9.235,2.639,5.541,3.166,7.124,0.792,7.916,4.222,2.111,3.166,9.235,2.902,6.332,3.958,7.652,2.111
4HOQ,8.714,1.66,9.544,5.187,3.942,3.942,4.772,3.527,10.166,1.452,12.033,3.942,4.357,2.282,5.809,4.357,4.149,1.037,3.734,5.394
1ZD9,3.723,2.128,6.915,5.319,7.447,2.128,7.979,4.255,7.447,3.723,9.043,4.787,4.787,3.191,8.511,5.319,3.723,1.596,5.851,2.128
1NM8,6.818,1.299,5.357,5.844,5.032,3.896,5.032,4.221,6.006,3.084,10.227,3.084,5.032,5.519,7.63,4.87,5.195,1.136,6.818,3.896
3OU5,10.612,1.429,5.714,5.918,7.755,3.878,4.286,2.449,4.49,2.041,10.816,3.469,4.082,4.694,6.122,7.959,4.898,0.612,5.714,3.061
4J5T,4.316,0.986,8.755,6.289,6.165,5.795,5.919,2.959,5.795,2.219,9.001,5.919,3.822,4.562,6.905,4.192,4.069,2.219,5.055,5.055
2OZO,8.483,2.61,7.504,4.894,6.852,3.263,3.915,2.61,6.688,3.426,10.277,2.447,3.589,6.525,6.199,6.036,3.589,1.468,4.894,4.731
3R9M,10.638,2.128,8.511,3.191,5.053,4.787,4.521,2.66,7.713,1.064,10.638,3.723,4.255,5.053,6.383,3.723,5.851,1.33,3.723,5.053
3OJX,8.199,0.482,8.521,5.949,6.913,4.019,3.859,3.215,5.466,2.572,9.003,3.698,3.859,4.502,5.949,5.466,5.145,1.286,6.913,4.984
5CYT,6.731,1.923,4.808,3.846,12.5,2.885,3.846,1.923,15.385,1.923,5.769,5.769,3.846,2.885,3.846,1.923,6.731,1.923,5.769,4.808
3NSJ,7.593,3.704,5.185,5.185,6.481,3.519,1.481,5.741,4.074,1.481,8.333,5.185,4.63,4.815,7.778,6.852,6.667,2.037,6.481,2.778
1CCR,8.036,1.786,5.357,3.571,9.821,3.571,3.571,1.786,11.607,1.786,7.143,5.357,3.571,8.036,6.25,1.786,7.143,0.893,2.679,5.357
1TZQ,8.0,1.143,2.857,5.143,10.857,2.857,4.0,2.857,5.714,1.714,9.714,6.857,1.143,2.857,7.429,5.714,4.571,2.857,7.429,6.286
4EJI,4.622,0.42,6.723,4.832,7.353,9.664,4.412,3.151,6.723,3.571,8.824,3.782,4.202,5.882,5.672,6.723,5.672,0.21,5.252,2.311
3KYQ,7.538,1.508,7.538,5.528,3.518,4.523,3.518,2.01,7.538,2.513,10.05,1.508,4.523,3.015,12.06,5.025,4.523,0.503,8.543,4.523
1W6K,8.197,2.869,6.421,5.055,8.197,3.962,3.689,3.415,3.005,2.322,10.519,2.869,4.508,5.055,5.055,6.967,5.055,3.142,5.191,4.508
1DX4,8.889,1.368,5.812,5.641,9.06,4.444,4.786,2.393,3.59,3.077,6.667,5.641,3.59,5.812,6.496,4.615,5.47,2.564,5.812,4.274
4F4C,9.084,1.06,6.132,4.088,7.721,4.921,7.873,1.287,5.223,2.801,9.69,4.164,3.861,2.574,7.192,5.223,7.116,0.53,6.662,2.801
3C9L,8.333,2.874,4.885,1.437,6.609,8.908,6.322,1.724,3.161,4.598,8.046,4.31,3.448,5.747,4.31,2.011,7.759,1.437,8.908,5.172
3NKS,10.063,1.677,5.87,2.306,10.273,2.516,2.725,2.935,1.677,1.048,14.675,1.468,5.031,7.128,9.434,7.128,3.564,1.468,7.757,1.258
3AR4,8.643,2.412,7.839,5.025,6.834,3.719,7.236,1.206,5.327,3.317,9.347,3.618,2.312,4.523,5.729,4.824,6.231,1.307,8.241,2.211
2EW1,5.97,1.99,8.955,4.478,6.468,4.478,6.468,2.985,4.478,1.99,8.955,4.478,4.975,1.99,7.96,6.468,5.473,0.995,6.965,3.483
2UCZ,4.242,1.818,7.273,5.455,4.848,3.636,8.485,1.212,6.667,2.424,10.909,5.455,3.636,10.909,9.091,3.03,2.424,1.818,4.242,2.424
1N05,3.681,0.0,9.202,4.908,7.362,4.294,7.362,1.84,6.748,3.681,6.748,3.681,2.454,6.135,6.135,7.362,1.84,0.613,9.202,6.748
1GNU,5.128,0.0,9.402,5.983,4.274,7.692,5.983,3.419,10.256,1.709,7.692,1.709,2.564,5.983,4.274,6.838,2.564,0.0,7.692,6.838
2WKQ,6.627,1.807,6.325,6.928,6.024,3.916,6.325,3.614,6.627,1.506,9.639,3.614,3.313,5.422,3.916,5.723,7.229,0.904,7.229,3.313
4DY9,8.85,0.885,7.08,2.655,11.504,4.425,3.54,0.885,10.619,2.655,6.195,4.425,1.77,9.735,4.425,4.425,5.31,0.885,7.08,2.655
3T5O,4.162,7.01,8.105,4.929,7.119,4.162,4.053,2.081,7.119,0.767,7.01,5.257,4.929,4.71,8.981,4.929,5.805,1.424,4.6,2.848
1S1E,3.571,1.339,8.482,7.143,4.911,6.696,4.018,4.911,7.143,4.911,7.589,4.464,5.804,2.679,4.018,4.018,7.143,0.446,6.696,4.018
1BBC,6.452,11.29,2.419,4.032,8.871,4.032,1.613,3.226,10.484,0.806,4.839,4.839,2.419,1.613,8.065,8.065,8.065,0.0,2.419,6.452
1YTC,7.143,1.786,5.357,4.464,10.714,3.571,5.357,2.679,15.179,2.679,4.464,5.357,2.679,4.464,5.357,2.679,8.036,0.893,2.679,4.464
1VR3,4.712,0.524,8.901,8.901,4.188,3.665,6.283,5.759,7.33,5.236,7.33,2.618,2.094,5.236,3.665,6.806,4.188,2.618,4.188,5.759
1H8L,3.947,1.053,6.316,6.316,7.895,4.211,4.474,2.632,4.737,2.105,7.632,6.579,4.737,5.789,5.789,4.474,5.789,1.579,7.895,6.053
3VTV,2.239,0.0,14.179,4.478,5.224,5.97,6.716,2.239,6.716,2.239,7.463,2.985,5.224,4.478,6.716,6.716,4.478,0.0,8.955,2.985
3VTU,2.439,0.0,10.569,4.065,3.252,6.504,6.504,2.439,7.317,2.439,8.13,3.252,5.691,5.691,7.317,7.317,4.878,0.0,8.943,3.252
3LQ0,6.809,1.702,5.106,6.383,8.936,2.979,7.66,2.979,1.702,2.979,6.383,4.681,5.106,3.404,7.66,4.681,5.957,1.277,5.532,8.085
3NWM,6.772,1.354,6.772,5.643,12.19,3.837,2.935,2.935,4.289,2.257,6.998,2.709,4.966,5.192,5.192,6.095,6.772,3.16,5.192,4.74
3MDM,6.579,0.877,7.456,4.605,6.36,5.702,2.851,1.974,5.921,3.289,11.623,1.974,5.702,5.921,5.044,7.675,5.263,1.096,7.675,2.412
1EBV,4.174,2.359,5.808,3.993,7.623,6.715,4.9,3.267,4.356,2.722,11.071,3.448,4.719,7.078,4.9,5.626,5.445,1.633,5.263,4.9
1SVS,9.065,2.833,7.932,7.365,5.099,5.382,7.365,1.7,8.215,2.266,7.649,4.249,3.683,1.416,4.816,5.099,5.949,0.85,5.382,3.683
4KX7,5.743,0.676,7.432,5.405,4.505,4.505,4.73,2.365,5.743,2.14,9.797,6.306,3.941,4.392,7.32,4.392,6.644,2.928,6.306,4.73
2BX6,5.714,4.286,7.429,6.857,5.714,7.429,6.0,0.571,6.286,1.714,6.286,4.857,4.857,4.286,6.857,5.143,4.571,1.143,7.714,2.286
2AHE,5.243,1.498,8.989,5.993,4.869,5.243,4.869,1.498,9.738,2.622,10.861,5.618,1.498,7.116,6.367,3.745,5.243,0.749,5.243,2.996
2J1L,6.542,2.336,5.14,6.075,7.477,4.673,1.869,5.607,4.673,2.336,8.879,4.673,2.336,5.14,6.542,6.075,3.738,0.935,11.215,3.738
3QR6,8.299,2.49,9.544,4.979,5.394,5.394,2.905,0.83,7.469,0.83,12.448,5.394,3.32,5.809,4.149,3.734,6.224,0.415,7.054,3.32
2Z5Y,6.628,1.754,7.407,4.483,7.797,3.314,7.018,2.534,7.212,2.339,7.797,3.509,2.924,4.678,4.288,5.068,6.043,2.339,7.992,4.873
3BWD,7.692,1.648,3.846,6.044,7.692,4.945,6.044,1.099,6.593,0.549,8.242,4.396,2.747,5.495,7.692,3.297,6.044,1.099,10.989,3.846
1FZQ,6.077,1.657,7.182,5.525,6.63,2.762,7.735,1.105,7.735,0.552,12.707,4.972,6.077,2.762,6.63,4.972,5.525,2.21,5.525,1.657
4AV9,3.835,1.475,4.425,7.67,4.72,5.015,7.375,2.655,7.375,2.065,8.26,7.08,3.835,3.245,5.9,5.605,4.72,2.95,10.029,1.77
